 |---------------------------------------------------|
 >>OuterLoop           1     DetIter:  3.823622678132508E-049
 195181      213213      209732      202137
    180          91          15         101
 |---------------------------------------------------|
 |---------------------------------------------------|
 >>OuterLoop           6     DetIter:  3.835052561327393E-049
 195181      209732      213213      202137
    180          16          88         101
 |---------------------------------------------------|
 |---------------------------------------------------|
 >>OuterLoop           8     DetIter:  3.929910162300911E-049
 202137      195181      213213      209732
     93         180          91         180
 |---------------------------------------------------|
